image: map_city.pgm
resolution: 0.300000
origin: [-7.141831, -38.350761, 0.000000]
negate: 0
occupied_thresh: 0.65
free_thresh: 0.196